A sparse matrix
cols: 150, rows: 150
nonzeros: 1488
(0, 0, 13.2959)
(0, 36, -2.66439)
(0, 39, -3.19998)
(0, 48, -1.87719)
(0, 51, -2.49374)
(0, 57, -2.6646)
(0, 126, -0.656679)
(0, 132, 0.455543)
(0, 138, 1.07141)
(0, 144, -1.26629)
(1, 1, 13.2959)
(1, 37, -2.66439)
(1, 40, -3.19998)
(1, 49, -1.87719)
(1, 52, -2.49374)
(1, 58, -2.6646)
(1, 127, -0.656679)
(1, 133, 0.455543)
(1, 139, 1.07141)
(1, 145, -1.26629)
(2, 2, 13.2959)
(2, 38, -2.66439)
(2, 41, -3.19998)
(2, 50, -1.87719)
(2, 53, -2.49374)
(2, 59, -2.6646)
(2, 128, -0.656679)
(2, 134, 0.455543)
(2, 140, 1.07141)
(2, 146, -1.26629)
(3, 3, 7.42983)
(3, 39, -0.393775)
(3, 42, -0.41005)
(3, 45, -0.665859)
(3, 66, -0.922987)
(3, 75, -0.707521)
(3, 138, -4.32964)
(4, 4, 7.42983)
(4, 40, -0.393775)
(4, 43, -0.41005)
(4, 46, -0.665859)
(4, 67, -0.922987)
(4, 76, -0.707521)
(4, 139, -4.32964)
(5, 5, 7.42983)
(5, 41, -0.393775)
(5, 44, -0.41005)
(5, 47, -0.665859)
(5, 68, -0.922987)
(5, 77, -0.707521)
(5, 140, -4.32964)
(6, 6, 7.62072)
(6, 36, -0.577087)
(6, 42, -1.16427)
(6, 54, -0.556849)
(6, 72, -1.46014)
(6, 81, -0.762613)
(6, 126, -3.09976)
(7, 7, 7.62072)
(7, 37, -0.577087)
(7, 43, -1.16427)
(7, 55, -0.556849)
(7, 73, -1.46014)
(7, 82, -0.762613)
(7, 127, -3.09976)
(8, 8, 7.62072)
(8, 38, -0.577087)
(8, 44, -1.16427)
(8, 56, -0.556849)
(8, 74, -1.46014)
(8, 83, -0.762613)
(8, 128, -3.09976)
(9, 9, 9.79408)
(9, 51, -1.91206)
(9, 54, -1.17134)
(9, 60, -1.17164)
(9, 78, -0.850967)
(9, 87, -3.06082)
(9, 126, -1.83821)
(9, 132, 0.210949)
(10, 10, 9.79408)
(10, 52, -1.91206)
(10, 55, -1.17134)
(10, 61, -1.17164)
(10, 79, -0.850967)
(10, 88, -3.06082)
(10, 127, -1.83821)
(10, 133, 0.210949)
(11, 11, 9.79408)
(11, 53, -1.91206)
(11, 56, -1.17134)
(11, 62, -1.17164)
(11, 80, -0.850967)
(11, 89, -3.06082)
(11, 128, -1.83821)
(11, 134, 0.210949)
(12, 12, 7.62038)
(12, 57, -0.576824)
(12, 60, -0.556487)
(12, 63, -1.16408)
(12, 84, -0.762342)
(12, 93, -1.45981)
(12, 132, -3.10084)
(13, 13, 7.62038)
(13, 58, -0.576824)
(13, 61, -0.556487)
(13, 64, -1.16408)
(13, 85, -0.762342)
(13, 94, -1.45981)
(13, 133, -3.10084)
(14, 14, 7.62038)
(14, 59, -0.576824)
(14, 62, -0.556487)
(14, 65, -1.16408)
(14, 86, -0.762342)
(14, 95, -1.45981)
(14, 134, -3.10084)
(15, 15, 7.43022)
(15, 45, -0.665778)
(15, 48, -0.393319)
(15, 63, -0.409576)
(15, 69, -0.923259)
(15, 90, -0.707413)
(15, 144, -4.33087)
(16, 16, 7.43022)
(16, 46, -0.665778)
(16, 49, -0.393319)
(16, 64, -0.409576)
(16, 70, -0.923259)
(16, 91, -0.707413)
(16, 145, -4.33087)
(17, 17, 7.43022)
(17, 47, -0.665778)
(17, 50, -0.393319)
(17, 65, -0.409576)
(17, 71, -0.923259)
(17, 92, -0.707413)
(17, 146, -4.33087)
(18, 18, 9.73095)
(18, 72, -2.81237)
(18, 75, -0.505528)
(18, 96, -0.499856)
(18, 99, -1.46242)
(18, 111, -1.6565)
(18, 129, 0.734202)
(18, 141, -3.52848)
(19, 19, 9.73095)
(19, 73, -2.81237)
(19, 76, -0.505528)
(19, 97, -0.499856)
(19, 100, -1.46242)
(19, 112, -1.6565)
(19, 130, 0.734202)
(19, 142, -3.52848)
(20, 20, 9.73095)
(20, 74, -2.81237)
(20, 77, -0.505528)
(20, 98, -0.499856)
(20, 101, -1.46242)
(20, 113, -1.6565)
(20, 131, 0.734202)
(20, 143, -3.52848)
(21, 21, 7.45992)
(21, 78, -1.26343)
(21, 81, -0.823814)
(21, 99, -0.525081)
(21, 102, -0.941837)
(21, 117, -0.546701)
(21, 129, -3.35905)
(22, 22, 7.45992)
(22, 79, -1.26343)
(22, 82, -0.823814)
(22, 100, -0.525081)
(22, 103, -0.941837)
(22, 118, -0.546701)
(22, 130, -3.35905)
(23, 23, 7.45992)
(23, 80, -1.26343)
(23, 83, -0.823814)
(23, 101, -0.525081)
(23, 104, -0.941837)
(23, 119, -0.546701)
(23, 131, -3.35905)
(24, 24, 7.45986)
(24, 84, -0.823334)
(24, 87, -1.26326)
(24, 102, -0.942236)
(24, 105, -0.524974)
(24, 120, -0.546769)
(24, 135, -3.35929)
(25, 25, 7.45986)
(25, 85, -0.823334)
(25, 88, -1.26326)
(25, 103, -0.942236)
(25, 106, -0.524974)
(25, 121, -0.546769)
(25, 136, -3.35929)
(26, 26, 7.45986)
(26, 86, -0.823334)
(26, 89, -1.26326)
(26, 104, -0.942236)
(26, 107, -0.524974)
(26, 122, -0.546769)
(26, 137, -3.35929)
(27, 27, 9.73104)
(27, 90, -0.505269)
(27, 93, -2.81285)
(27, 105, -1.46223)
(27, 108, -0.499303)
(27, 123, -1.65564)
(27, 135, 0.734333)
(27, 147, -3.53007)
(28, 28, 9.73104)
(28, 91, -0.505269)
(28, 94, -2.81285)
(28, 106, -1.46223)
(28, 109, -0.499303)
(28, 124, -1.65564)
(28, 136, 0.734333)
(28, 148, -3.53007)
(29, 29, 9.73104)
(29, 92, -0.505269)
(29, 95, -2.81285)
(29, 107, -1.46223)
(29, 110, -0.499303)
(29, 125, -1.65564)
(29, 137, 0.734333)
(29, 149, -3.53007)
(30, 30, 8.75996)
(30, 66, -0.563223)
(30, 69, -2.61402)
(30, 96, -0.833391)
(30, 108, -0.833417)
(30, 114, -1.46172)
(30, 141, -2.17762)
(30, 147, -0.276579)
(31, 31, 8.75996)
(31, 67, -0.563223)
(31, 70, -2.61402)
(31, 97, -0.833391)
(31, 109, -0.833417)
(31, 115, -1.46172)
(31, 142, -2.17762)
(31, 148, -0.276579)
(32, 32, 8.75996)
(32, 68, -0.563223)
(32, 71, -2.61402)
(32, 98, -0.833391)
(32, 110, -0.833417)
(32, 116, -1.46172)
(32, 143, -2.17762)
(32, 149, -0.276579)
(33, 33, 13.3704)
(33, 111, -2.81869)
(33, 114, -2.9257)
(33, 117, -1.55351)
(33, 120, -2.87872)
(33, 123, -2.81886)
(33, 129, -1.70484)
(33, 135, 0.636805)
(33, 141, 0.902939)
(33, 147, -0.20981)
(34, 34, 13.3704)
(34, 112, -2.81869)
(34, 115, -2.9257)
(34, 118, -1.55351)
(34, 121, -2.87872)
(34, 124, -2.81886)
(34, 130, -1.70484)
(34, 136, 0.636805)
(34, 142, 0.902939)
(34, 148, -0.20981)
(35, 35, 13.3704)
(35, 113, -2.81869)
(35, 116, -2.9257)
(35, 119, -1.55351)
(35, 122, -2.87872)
(35, 125, -2.81886)
(35, 131, -1.70484)
(35, 137, 0.636805)
(35, 143, 0.902939)
(35, 149, -0.20981)
(36, 0, -2.66439)
(36, 6, -0.577087)
(36, 36, 9.76083)
(36, 39, -0.591026)
(36, 42, -1.87799)
(36, 51, -0.261713)
(36, 54, -0.2013)
(36, 126, -4.22129)
(36, 138, 0.633955)
(37, 1, -2.66439)
(37, 7, -0.577087)
(37, 37, 9.76083)
(37, 40, -0.591026)
(37, 43, -1.87799)
(37, 52, -0.261713)
(37, 55, -0.2013)
(37, 127, -4.22129)
(37, 139, 0.633955)
(38, 2, -2.66439)
(38, 8, -0.577087)
(38, 38, 9.76083)
(38, 41, -0.591026)
(38, 44, -1.87799)
(38, 53, -0.261713)
(38, 56, -0.2013)
(38, 128, -4.22129)
(38, 140, 0.633955)
(39, 0, -3.19998)
(39, 3, -0.393775)
(39, 36, -0.591026)
(39, 39, 10.8332)
(39, 42, -0.0324753)
(39, 45, -1.403)
(39, 48, -0.924075)
(39, 138, -5.51064)
(39, 144, 1.2218)
(40, 1, -3.19998)
(40, 4, -0.393775)
(40, 37, -0.591026)
(40, 40, 10.8332)
(40, 43, -0.0324753)
(40, 46, -1.403)
(40, 49, -0.924075)
(40, 139, -5.51064)
(40, 145, 1.2218)
(41, 2, -3.19998)
(41, 5, -0.393775)
(41, 38, -0.591026)
(41, 41, 10.8332)
(41, 44, -0.0324753)
(41, 47, -1.403)
(41, 50, -0.924075)
(41, 140, -5.51064)
(41, 146, 1.2218)
(42, 3, -0.41005)
(42, 6, -1.16427)
(42, 36, -1.87799)
(42, 39, -0.0324753)
(42, 42, 9.85302)
(42, 72, -2.06661)
(42, 75, -0.135482)
(42, 126, 0.752866)
(42, 138, -4.91901)
(43, 4, -0.41005)
(43, 7, -1.16427)
(43, 37, -1.87799)
(43, 40, -0.0324753)
(43, 43, 9.85302)
(43, 73, -2.06661)
(43, 76, -0.135482)
(43, 127, 0.752866)
(43, 139, -4.91901)
(44, 5, -0.41005)
(44, 8, -1.16427)
(44, 38, -1.87799)
(44, 41, -0.0324753)
(44, 44, 9.85302)
(44, 74, -2.06661)
(44, 77, -0.135482)
(44, 128, 0.752866)
(44, 140, -4.91901)
(45, 3, -0.665859)
(45, 15, -0.665778)
(45, 39, -1.403)
(45, 45, 8.77217)
(45, 48, -0.12267)
(45, 66, -0.164284)
(45, 69, -1.98227)
(45, 138, -2.13346)
(45, 144, -1.63485)
(46, 4, -0.665859)
(46, 16, -0.665778)
(46, 40, -1.403)
(46, 46, 8.77217)
(46, 49, -0.12267)
(46, 67, -0.164284)
(46, 70, -1.98227)
(46, 139, -2.13346)
(46, 145, -1.63485)
(47, 5, -0.665859)
(47, 17, -0.665778)
(47, 41, -1.403)
(47, 47, 8.77217)
(47, 50, -0.12267)
(47, 68, -0.164284)
(47, 71, -1.98227)
(47, 140, -2.13346)
(47, 146, -1.63485)
(48, 0, -1.87719)
(48, 15, -0.393319)
(48, 39, -0.924075)
(48, 45, -0.12267)
(48, 48, 8.65279)
(48, 57, -0.590689)
(48, 63, -0.0320994)
(48, 144, -4.71274)
(49, 1, -1.87719)
(49, 16, -0.393319)
(49, 40, -0.924075)
(49, 46, -0.12267)
(49, 49, 8.65279)
(49, 58, -0.590689)
(49, 64, -0.0320994)
(49, 145, -4.71274)
(50, 2, -1.87719)
(50, 17, -0.393319)
(50, 41, -0.924075)
(50, 47, -0.12267)
(50, 50, 8.65279)
(50, 59, -0.590689)
(50, 65, -0.0320994)
(50, 146, -4.71274)
(51, 0, -2.49374)
(51, 9, -1.91206)
(51, 36, -0.261713)
(51, 51, 9.02962)
(51, 54, -0.399733)
(51, 57, -0.261684)
(51, 60, -0.399818)
(51, 126, -1.65077)
(51, 132, -1.6501)
(52, 1, -2.49374)
(52, 10, -1.91206)
(52, 37, -0.261713)
(52, 52, 9.02962)
(52, 55, -0.399733)
(52, 58, -0.261684)
(52, 61, -0.399818)
(52, 127, -1.65077)
(52, 133, -1.6501)
(53, 2, -2.49374)
(53, 11, -1.91206)
(53, 38, -0.261713)
(53, 53, 9.02962)
(53, 56, -0.399733)
(53, 59, -0.261684)
(53, 62, -0.399818)
(53, 128, -1.65077)
(53, 134, -1.6501)
(54, 6, -0.556849)
(54, 9, -1.17134)
(54, 36, -0.2013)
(54, 51, -0.399733)
(54, 54, 8.22256)
(54, 78, -0.743963)
(54, 81, -0.419256)
(54, 126, -4.73012)
(55, 7, -0.556849)
(55, 10, -1.17134)
(55, 37, -0.2013)
(55, 52, -0.399733)
(55, 55, 8.22256)
(55, 79, -0.743963)
(55, 82, -0.419256)
(55, 127, -4.73012)
(56, 8, -0.556849)
(56, 11, -1.17134)
(56, 38, -0.2013)
(56, 53, -0.399733)
(56, 56, 8.22256)
(56, 80, -0.743963)
(56, 83, -0.419256)
(56, 128, -4.73012)
(57, 0, -2.6646)
(57, 12, -0.576824)
(57, 48, -0.590689)
(57, 51, -0.261684)
(57, 57, 9.76023)
(57, 60, -0.201106)
(57, 63, -1.87728)
(57, 132, -4.22139)
(57, 144, 0.633342)
(58, 1, -2.6646)
(58, 13, -0.576824)
(58, 49, -0.590689)
(58, 52, -0.261684)
(58, 58, 9.76023)
(58, 61, -0.201106)
(58, 64, -1.87728)
(58, 133, -4.22139)
(58, 145, 0.633342)
(59, 2, -2.6646)
(59, 14, -0.576824)
(59, 50, -0.590689)
(59, 53, -0.261684)
(59, 59, 9.76023)
(59, 62, -0.201106)
(59, 65, -1.87728)
(59, 134, -4.22139)
(59, 146, 0.633342)
(60, 9, -1.17164)
(60, 12, -0.556487)
(60, 51, -0.399818)
(60, 57, -0.201106)
(60, 60, 8.22287)
(60, 84, -0.418917)
(60, 87, -0.743951)
(60, 132, -4.73094)
(61, 10, -1.17164)
(61, 13, -0.556487)
(61, 52, -0.399818)
(61, 58, -0.201106)
(61, 61, 8.22287)
(61, 85, -0.418917)
(61, 88, -0.743951)
(61, 133, -4.73094)
(62, 11, -1.17164)
(62, 14, -0.556487)
(62, 53, -0.399818)
(62, 59, -0.201106)
(62, 62, 8.22287)
(62, 86, -0.418917)
(62, 89, -0.743951)
(62, 134, -4.73094)
(63, 12, -1.16408)
(63, 15, -0.409576)
(63, 48, -0.0320994)
(63, 57, -1.87728)
(63, 63, 9.85272)
(63, 90, -0.135287)
(63, 93, -2.06658)
(63, 132, 0.752459)
(63, 144, -4.92028)
(64, 13, -1.16408)
(64, 16, -0.409576)
(64, 49, -0.0320994)
(64, 58, -1.87728)
(64, 64, 9.85272)
(64, 91, -0.135287)
(64, 94, -2.06658)
(64, 133, 0.752459)
(64, 145, -4.92028)
(65, 14, -1.16408)
(65, 17, -0.409576)
(65, 50, -0.0320994)
(65, 59, -1.87728)
(65, 65, 9.85272)
(65, 92, -0.135287)
(65, 95, -2.06658)
(65, 134, 0.752459)
(65, 146, -4.92028)
(66, 3, -0.922987)
(66, 30, -0.563223)
(66, 45, -0.164284)
(66, 66, 8.91764)
(66, 69, -2.45502)
(66, 75, -1.03147)
(66, 96, -0.446359)
(66, 138, -1.64878)
(66, 141, -1.68552)
(67, 4, -0.922987)
(67, 31, -0.563223)
(67, 46, -0.164284)
(67, 67, 8.91764)
(67, 70, -2.45502)
(67, 76, -1.03147)
(67, 97, -0.446359)
(67, 139, -1.64878)
(67, 142, -1.68552)
(68, 5, -0.922987)
(68, 32, -0.563223)
(68, 47, -0.164284)
(68, 68, 8.91764)
(68, 71, -2.45502)
(68, 77, -1.03147)
(68, 98, -0.446359)
(68, 140, -1.64878)
(68, 143, -1.68552)
(69, 15, -0.923259)
(69, 30, -2.61402)
(69, 45, -1.98227)
(69, 66, -2.45502)
(69, 69, 12.2615)
(69, 90, -1.03154)
(69, 108, -0.446697)
(69, 138, 1.50534)
(69, 141, 0.306148)
(69, 144, -2.83339)
(69, 147, -1.78681)
(70, 16, -0.923259)
(70, 31, -2.61402)
(70, 46, -1.98227)
(70, 67, -2.45502)
(70, 70, 12.2615)
(70, 91, -1.03154)
(70, 109, -0.446697)
(70, 139, 1.50534)
(70, 142, 0.306148)
(70, 145, -2.83339)
(70, 148, -1.78681)
(71, 17, -0.923259)
(71, 32, -2.61402)
(71, 47, -1.98227)
(71, 68, -2.45502)
(71, 71, 12.2615)
(71, 92, -1.03154)
(71, 110, -0.446697)
(71, 140, 1.50534)
(71, 143, 0.306148)
(71, 146, -2.83339)
(71, 149, -1.78681)
(72, 6, -1.46014)
(72, 18, -2.81237)
(72, 42, -2.06661)
(72, 72, 12.1829)
(72, 75, -1.94105)
(72, 81, -1.67758)
(72, 99, -0.8932)
(72, 126, -1.44117)
(72, 129, -0.577906)
(72, 138, 0.793093)
(72, 141, -0.105961)
(73, 7, -1.46014)
(73, 19, -2.81237)
(73, 43, -2.06661)
(73, 73, 12.1829)
(73, 76, -1.94105)
(73, 82, -1.67758)
(73, 100, -0.8932)
(73, 127, -1.44117)
(73, 130, -0.577906)
(73, 139, 0.793093)
(73, 142, -0.105961)
(74, 8, -1.46014)
(74, 20, -2.81237)
(74, 44, -2.06661)
(74, 74, 12.1829)
(74, 77, -1.94105)
(74, 83, -1.67758)
(74, 101, -0.8932)
(74, 128, -1.44117)
(74, 131, -0.577906)
(74, 140, 0.793093)
(74, 143, -0.105961)
(75, 3, -0.707521)
(75, 18, -0.505528)
(75, 42, -0.135482)
(75, 66, -1.03147)
(75, 72, -1.94105)
(75, 75, 8.4734)
(75, 96, -0.290142)
(75, 138, -1.91819)
(75, 141, -1.94402)
(76, 4, -0.707521)
(76, 19, -0.505528)
(76, 43, -0.135482)
(76, 67, -1.03147)
(76, 73, -1.94105)
(76, 76, 8.4734)
(76, 97, -0.290142)
(76, 139, -1.91819)
(76, 142, -1.94402)
(77, 5, -0.707521)
(77, 20, -0.505528)
(77, 44, -0.135482)
(77, 68, -1.03147)
(77, 74, -1.94105)
(77, 77, 8.4734)
(77, 98, -0.290142)
(77, 140, -1.91819)
(77, 143, -1.94402)
(78, 9, -0.850967)
(78, 21, -1.26343)
(78, 54, -0.743963)
(78, 78, 9.72677)
(78, 81, -1.44157)
(78, 87, -2.69173)
(78, 102, -0.40939)
(78, 126, -1.17634)
(78, 129, -1.14938)
(79, 10, -0.850967)
(79, 22, -1.26343)
(79, 55, -0.743963)
(79, 79, 9.72677)
(79, 82, -1.44157)
(79, 88, -2.69173)
(79, 103, -0.40939)
(79, 127, -1.17634)
(79, 130, -1.14938)
(80, 11, -0.850967)
(80, 23, -1.26343)
(80, 56, -0.743963)
(80, 80, 9.72677)
(80, 83, -1.44157)
(80, 89, -2.69173)
(80, 104, -0.40939)
(80, 128, -1.17634)
(80, 131, -1.14938)
(81, 6, -0.762613)
(81, 21, -0.823814)
(81, 54, -0.419256)
(81, 72, -1.67758)
(81, 78, -1.44157)
(81, 81, 8.69043)
(81, 99, -0.371366)
(81, 126, -1.60126)
(81, 129, -1.59297)
(82, 7, -0.762613)
(82, 22, -0.823814)
(82, 55, -0.419256)
(82, 73, -1.67758)
(82, 79, -1.44157)
(82, 82, 8.69043)
(82, 100, -0.371366)
(82, 127, -1.60126)
(82, 130, -1.59297)
(83, 8, -0.762613)
(83, 23, -0.823814)
(83, 56, -0.419256)
(83, 74, -1.67758)
(83, 80, -1.44157)
(83, 83, 8.69043)
(83, 101, -0.371366)
(83, 128, -1.60126)
(83, 131, -1.59297)
(84, 12, -0.762342)
(84, 24, -0.823334)
(84, 60, -0.418917)
(84, 84, 8.68948)
(84, 87, -1.44138)
(84, 93, -1.67696)
(84, 105, -0.371086)
(84, 132, -1.60156)
(84, 135, -1.59391)
(85, 13, -0.762342)
(85, 25, -0.823334)
(85, 61, -0.418917)
(85, 85, 8.68948)
(85, 88, -1.44138)
(85, 94, -1.67696)
(85, 106, -0.371086)
(85, 133, -1.60156)
(85, 136, -1.59391)
(86, 14, -0.762342)
(86, 26, -0.823334)
(86, 62, -0.418917)
(86, 86, 8.68948)
(86, 89, -1.44138)
(86, 95, -1.67696)
(86, 107, -0.371086)
(86, 134, -1.60156)
(86, 137, -1.59391)
(87, 9, -3.06082)
(87, 24, -1.26326)
(87, 60, -0.743951)
(87, 78, -2.69173)
(87, 84, -1.44138)
(87, 87, 13.403)
(87, 102, -2.35711)
(87, 126, 0.475112)
(87, 129, 1.4692)
(87, 132, -1.46398)
(87, 135, -2.32512)
(88, 10, -3.06082)
(88, 25, -1.26326)
(88, 61, -0.743951)
(88, 79, -2.69173)
(88, 85, -1.44138)
(88, 88, 13.403)
(88, 103, -2.35711)
(88, 127, 0.475112)
(88, 130, 1.4692)
(88, 133, -1.46398)
(88, 136, -2.32512)
(89, 11, -3.06082)
(89, 26, -1.26326)
(89, 62, -0.743951)
(89, 80, -2.69173)
(89, 86, -1.44138)
(89, 89, 13.403)
(89, 104, -2.35711)
(89, 128, 0.475112)
(89, 131, 1.4692)
(89, 134, -1.46398)
(89, 137, -2.32512)
(90, 15, -0.707413)
(90, 27, -0.505269)
(90, 63, -0.135287)
(90, 69, -1.03154)
(90, 90, 8.47357)
(90, 93, -1.94111)
(90, 108, -0.290145)
(90, 144, -1.91874)
(90, 147, -1.94406)
(91, 16, -0.707413)
(91, 28, -0.505269)
(91, 64, -0.135287)
(91, 70, -1.03154)
(91, 91, 8.47357)
(91, 94, -1.94111)
(91, 109, -0.290145)
(91, 145, -1.91874)
(91, 148, -1.94406)
(92, 17, -0.707413)
(92, 29, -0.505269)
(92, 65, -0.135287)
(92, 71, -1.03154)
(92, 92, 8.47357)
(92, 95, -1.94111)
(92, 110, -0.290145)
(92, 146, -1.91874)
(92, 149, -1.94406)
(93, 12, -1.45981)
(93, 27, -2.81285)
(93, 63, -2.06658)
(93, 84, -1.67696)
(93, 90, -1.94111)
(93, 93, 12.1825)
(93, 105, -0.892658)
(93, 132, -0.330001)
(93, 135, -1.69054)
(93, 144, -0.318174)
(93, 147, 1.00619)
(94, 13, -1.45981)
(94, 28, -2.81285)
(94, 64, -2.06658)
(94, 85, -1.67696)
(94, 91, -1.94111)
(94, 94, 12.1825)
(94, 106, -0.892658)
(94, 133, -0.330001)
(94, 136, -1.69054)
(94, 145, -0.318174)
(94, 148, 1.00619)
(95, 14, -1.45981)
(95, 29, -2.81285)
(95, 65, -2.06658)
(95, 86, -1.67696)
(95, 92, -1.94111)
(95, 95, 12.1825)
(95, 107, -0.892658)
(95, 134, -0.330001)
(95, 137, -1.69054)
(95, 146, -0.318174)
(95, 149, 1.00619)
(96, 18, -0.499856)
(96, 30, -0.833391)
(96, 66, -0.446359)
(96, 75, -0.290142)
(96, 96, 8.52671)
(96, 111, -0.192632)
(96, 114, -0.331348)
(96, 141, -5.93298)
(97, 19, -0.499856)
(97, 31, -0.833391)
(97, 67, -0.446359)
(97, 76, -0.290142)
(97, 97, 8.52671)
(97, 112, -0.192632)
(97, 115, -0.331348)
(97, 142, -5.93298)
(98, 20, -0.499856)
(98, 32, -0.833391)
(98, 68, -0.446359)
(98, 77, -0.290142)
(98, 98, 8.52671)
(98, 113, -0.192632)
(98, 116, -0.331348)
(98, 143, -5.93298)
(99, 18, -1.46242)
(99, 21, -0.525081)
(99, 72, -0.8932)
(99, 81, -0.371366)
(99, 99, 8.30962)
(99, 111, -0.458655)
(99, 117, -0.179836)
(99, 129, -4.41906)
(100, 19, -1.46242)
(100, 22, -0.525081)
(100, 73, -0.8932)
(100, 82, -0.371366)
(100, 100, 8.30962)
(100, 112, -0.458655)
(100, 118, -0.179836)
(100, 130, -4.41906)
(101, 20, -1.46242)
(101, 23, -0.525081)
(101, 74, -0.8932)
(101, 83, -0.371366)
(101, 101, 8.30962)
(101, 113, -0.458655)
(101, 119, -0.179836)
(101, 131, -4.41906)
(102, 21, -0.941837)
(102, 24, -0.942236)
(102, 78, -0.40939)
(102, 87, -2.35711)
(102, 102, 9.40556)
(102, 117, -0.41791)
(102, 120, -1.61932)
(102, 129, -2.81896)
(102, 135, 0.101209)
(103, 22, -0.941837)
(103, 25, -0.942236)
(103, 79, -0.40939)
(103, 88, -2.35711)
(103, 103, 9.40556)
(103, 118, -0.41791)
(103, 121, -1.61932)
(103, 130, -2.81896)
(103, 136, 0.101209)
(104, 23, -0.941837)
(104, 26, -0.942236)
(104, 80, -0.40939)
(104, 89, -2.35711)
(104, 104, 9.40556)
(104, 119, -0.41791)
(104, 122, -1.61932)
(104, 131, -2.81896)
(104, 137, 0.101209)
(105, 24, -0.524974)
(105, 27, -1.46223)
(105, 84, -0.371086)
(105, 93, -0.892658)
(105, 105, 8.30954)
(105, 120, -0.17986)
(105, 123, -0.45894)
(105, 135, -4.41979)
(106, 25, -0.524974)
(106, 28, -1.46223)
(106, 85, -0.371086)
(106, 94, -0.892658)
(106, 106, 8.30954)
(106, 121, -0.17986)
(106, 124, -0.45894)
(106, 136, -4.41979)
(107, 26, -0.524974)
(107, 29, -1.46223)
(107, 86, -0.371086)
(107, 95, -0.892658)
(107, 107, 8.30954)
(107, 122, -0.17986)
(107, 125, -0.45894)
(107, 137, -4.41979)
(108, 27, -0.499303)
(108, 30, -0.833417)
(108, 69, -0.446697)
(108, 90, -0.290145)
(108, 108, 8.52783)
(108, 114, -0.330853)
(108, 123, -0.191944)
(108, 147, -5.93548)
(109, 28, -0.499303)
(109, 31, -0.833417)
(109, 70, -0.446697)
(109, 91, -0.290145)
(109, 109, 8.52783)
(109, 115, -0.330853)
(109, 124, -0.191944)
(109, 148, -5.93548)
(110, 29, -0.499303)
(110, 32, -0.833417)
(110, 71, -0.446697)
(110, 92, -0.290145)
(110, 110, 8.52783)
(110, 116, -0.330853)
(110, 125, -0.191944)
(110, 149, -5.93548)
(111, 18, -1.6565)
(111, 33, -2.81869)
(111, 96, -0.192632)
(111, 99, -0.458655)
(111, 111, 9.24638)
(111, 114, -0.0241181)
(111, 117, -0.406981)
(111, 129, -1.0048)
(111, 141, -2.68402)
(112, 19, -1.6565)
(112, 34, -2.81869)
(112, 97, -0.192632)
(112, 100, -0.458655)
(112, 112, 9.24638)
(112, 115, -0.0241181)
(112, 118, -0.406981)
(112, 130, -1.0048)
(112, 142, -2.68402)
(113, 20, -1.6565)
(113, 35, -2.81869)
(113, 98, -0.192632)
(113, 101, -0.458655)
(113, 113, 9.24638)
(113, 116, -0.0241181)
(113, 119, -0.406981)
(113, 131, -1.0048)
(113, 143, -2.68402)
(114, 30, -1.46172)
(114, 33, -2.9257)
(114, 96, -0.331348)
(114, 108, -0.330853)
(114, 111, -0.0241181)
(114, 114, 8.96254)
(114, 123, -0.0236479)
(114, 141, -1.93207)
(114, 147, -1.93309)
(115, 31, -1.46172)
(115, 34, -2.9257)
(115, 97, -0.331348)
(115, 109, -0.330853)
(115, 112, -0.0241181)
(115, 115, 8.96254)
(115, 124, -0.0236479)
(115, 142, -1.93207)
(115, 148, -1.93309)
(116, 32, -1.46172)
(116, 35, -2.9257)
(116, 98, -0.331348)
(116, 110, -0.330853)
(116, 113, -0.0241181)
(116, 116, 8.96254)
(116, 125, -0.0236479)
(116, 143, -1.93207)
(116, 149, -1.93309)
(117, 21, -0.546701)
(117, 33, -1.55351)
(117, 99, -0.179836)
(117, 102, -0.41791)
(117, 111, -0.406981)
(117, 117, 8.36302)
(117, 120, -1.03454)
(117, 129, -4.22353)
(118, 22, -0.546701)
(118, 34, -1.55351)
(118, 100, -0.179836)
(118, 103, -0.41791)
(118, 112, -0.406981)
(118, 118, 8.36302)
(118, 121, -1.03454)
(118, 130, -4.22353)
(119, 23, -0.546701)
(119, 35, -1.55351)
(119, 101, -0.179836)
(119, 104, -0.41791)
(119, 113, -0.406981)
(119, 119, 8.36302)
(119, 122, -1.03454)
(119, 131, -4.22353)
(120, 24, -0.546769)
(120, 33, -2.87872)
(120, 102, -1.61932)
(120, 105, -0.17986)
(120, 117, -1.03454)
(120, 120, 10.5165)
(120, 123, -0.406871)
(120, 129, 1.18391)
(120, 135, -5.03432)
(121, 25, -0.546769)
(121, 34, -2.87872)
(121, 103, -1.61932)
(121, 106, -0.17986)
(121, 118, -1.03454)
(121, 121, 10.5165)
(121, 124, -0.406871)
(121, 130, 1.18391)
(121, 136, -5.03432)
(122, 26, -0.546769)
(122, 35, -2.87872)
(122, 104, -1.61932)
(122, 107, -0.17986)
(122, 119, -1.03454)
(122, 122, 10.5165)
(122, 125, -0.406871)
(122, 131, 1.18391)
(122, 137, -5.03432)
(123, 27, -1.65564)
(123, 33, -2.81886)
(123, 105, -0.45894)
(123, 108, -0.191944)
(123, 114, -0.0236479)
(123, 120, -0.406871)
(123, 123, 9.24638)
(123, 135, -1.00428)
(123, 147, -2.6862)
(124, 28, -1.65564)
(124, 34, -2.81886)
(124, 106, -0.45894)
(124, 109, -0.191944)
(124, 115, -0.0236479)
(124, 121, -0.406871)
(124, 124, 9.24638)
(124, 136, -1.00428)
(124, 148, -2.6862)
(125, 29, -1.65564)
(125, 35, -2.81886)
(125, 107, -0.45894)
(125, 110, -0.191944)
(125, 116, -0.0236479)
(125, 122, -0.406871)
(125, 125, 9.24638)
(125, 137, -1.00428)
(125, 149, -2.6862)
(126, 0, -0.656679)
(126, 6, -3.09976)
(126, 9, -1.83821)
(126, 36, -4.22129)
(126, 42, 0.752866)
(126, 51, -1.65077)
(126, 54, -4.73012)
(126, 72, -1.44117)
(126, 78, -1.17634)
(126, 81, -1.60126)
(126, 87, 0.475112)
(126, 126, 35.5979)
(126, 129, -5.33642)
(126, 132, -7.25442)
(126, 135, 1.66628)
(126, 138, -5.48577)
(126, 141, -0.55571)
(126, 144, 0.555799)
(127, 1, -0.656679)
(127, 7, -3.09976)
(127, 10, -1.83821)
(127, 37, -4.22129)
(127, 43, 0.752866)
(127, 52, -1.65077)
(127, 55, -4.73012)
(127, 73, -1.44117)
(127, 79, -1.17634)
(127, 82, -1.60126)
(127, 88, 0.475112)
(127, 127, 35.5979)
(127, 130, -5.33642)
(127, 133, -7.25442)
(127, 136, 1.66628)
(127, 139, -5.48577)
(127, 142, -0.55571)
(127, 145, 0.555799)
(128, 2, -0.656679)
(128, 8, -3.09976)
(128, 11, -1.83821)
(128, 38, -4.22129)
(128, 44, 0.752866)
(128, 53, -1.65077)
(128, 56, -4.73012)
(128, 74, -1.44117)
(128, 80, -1.17634)
(128, 83, -1.60126)
(128, 89, 0.475112)
(128, 128, 35.5979)
(128, 131, -5.33642)
(128, 134, -7.25442)
(128, 137, 1.66628)
(128, 140, -5.48577)
(128, 143, -0.55571)
(128, 146, 0.555799)
(129, 18, 0.734202)
(129, 21, -3.35905)
(129, 33, -1.70484)
(129, 72, -0.577906)
(129, 78, -1.14938)
(129, 81, -1.59297)
(129, 87, 1.4692)
(129, 99, -4.41906)
(129, 102, -2.81896)
(129, 111, -1.0048)
(129, 117, -4.22353)
(129, 120, 1.18391)
(129, 126, -5.33642)
(129, 129, 33.4535)
(129, 135, -6.17351)
(129, 141, -5.03669)
(129, 147, 0.556336)
(130, 19, 0.734202)
(130, 22, -3.35905)
(130, 34, -1.70484)
(130, 73, -0.577906)
(130, 79, -1.14938)
(130, 82, -1.59297)
(130, 88, 1.4692)
(130, 100, -4.41906)
(130, 103, -2.81896)
(130, 112, -1.0048)
(130, 118, -4.22353)
(130, 121, 1.18391)
(130, 127, -5.33642)
(130, 130, 33.4535)
(130, 136, -6.17351)
(130, 142, -5.03669)
(130, 148, 0.556336)
(131, 20, 0.734202)
(131, 23, -3.35905)
(131, 35, -1.70484)
(131, 74, -0.577906)
(131, 80, -1.14938)
(131, 83, -1.59297)
(131, 89, 1.4692)
(131, 101, -4.41906)
(131, 104, -2.81896)
(131, 113, -1.0048)
(131, 119, -4.22353)
(131, 122, 1.18391)
(131, 128, -5.33642)
(131, 131, 33.4535)
(131, 137, -6.17351)
(131, 143, -5.03669)
(131, 149, 0.556336)
(132, 0, 0.455543)
(132, 9, 0.210949)
(132, 12, -3.10084)
(132, 51, -1.6501)
(132, 57, -4.22139)
(132, 60, -4.73094)
(132, 63, 0.752459)
(132, 84, -1.60156)
(132, 87, -1.46398)
(132, 93, -0.330001)
(132, 126, -7.25442)
(132, 132, 35.6404)
(132, 135, -7.38389)
(132, 138, 0.000256571)
(132, 141, 2.22176)
(132, 144, -7.54427)
(133, 1, 0.455543)
(133, 10, 0.210949)
(133, 13, -3.10084)
(133, 52, -1.6501)
(133, 58, -4.22139)
(133, 61, -4.73094)
(133, 64, 0.752459)
(133, 85, -1.60156)
(133, 88, -1.46398)
(133, 94, -0.330001)
(133, 127, -7.25442)
(133, 133, 35.6404)
(133, 136, -7.38389)
(133, 139, 0.000256571)
(133, 142, 2.22176)
(133, 145, -7.54427)
(134, 2, 0.455543)
(134, 11, 0.210949)
(134, 14, -3.10084)
(134, 53, -1.6501)
(134, 59, -4.22139)
(134, 62, -4.73094)
(134, 65, 0.752459)
(134, 86, -1.60156)
(134, 89, -1.46398)
(134, 95, -0.330001)
(134, 128, -7.25442)
(134, 134, 35.6404)
(134, 137, -7.38389)
(134, 140, 0.000256571)
(134, 143, 2.22176)
(134, 146, -7.54427)
(135, 24, -3.35929)
(135, 27, 0.734333)
(135, 33, 0.636805)
(135, 84, -1.59391)
(135, 87, -2.32512)
(135, 93, -1.69054)
(135, 102, 0.101209)
(135, 105, -4.41979)
(135, 120, -5.03432)
(135, 123, -1.00428)
(135, 126, 1.66628)
(135, 129, -6.17351)
(135, 132, -7.38389)
(135, 135, 35.4376)
(135, 141, -2.22179)
(135, 144, 1.66693)
(135, 147, -5.03669)
(136, 25, -3.35929)
(136, 28, 0.734333)
(136, 34, 0.636805)
(136, 85, -1.59391)
(136, 88, -2.32512)
(136, 94, -1.69054)
(136, 103, 0.101209)
(136, 106, -4.41979)
(136, 121, -5.03432)
(136, 124, -1.00428)
(136, 127, 1.66628)
(136, 130, -6.17351)
(136, 133, -7.38389)
(136, 136, 35.4376)
(136, 142, -2.22179)
(136, 145, 1.66693)
(136, 148, -5.03669)
(137, 26, -3.35929)
(137, 29, 0.734333)
(137, 35, 0.636805)
(137, 86, -1.59391)
(137, 89, -2.32512)
(137, 95, -1.69054)
(137, 104, 0.101209)
(137, 107, -4.41979)
(137, 122, -5.03432)
(137, 125, -1.00428)
(137, 128, 1.66628)
(137, 131, -6.17351)
(137, 134, -7.38389)
(137, 137, 35.4376)
(137, 143, -2.22179)
(137, 146, 1.66693)
(137, 149, -5.03669)
(138, 0, 1.07141)
(138, 3, -4.32964)
(138, 36, 0.633955)
(138, 39, -5.51064)
(138, 42, -4.91901)
(138, 45, -2.13346)
(138, 66, -1.64878)
(138, 69, 1.50534)
(138, 72, 0.793093)
(138, 75, -1.91819)
(138, 126, -5.48577)
(138, 132, 0.000256571)
(138, 138, 33.7443)
(138, 141, -5.97092)
(138, 144, -5.83198)
(139, 1, 1.07141)
(139, 4, -4.32964)
(139, 37, 0.633955)
(139, 40, -5.51064)
(139, 43, -4.91901)
(139, 46, -2.13346)
(139, 67, -1.64878)
(139, 70, 1.50534)
(139, 73, 0.793093)
(139, 76, -1.91819)
(139, 127, -5.48577)
(139, 133, 0.000256571)
(139, 139, 33.7443)
(139, 142, -5.97092)
(139, 145, -5.83198)
(140, 2, 1.07141)
(140, 5, -4.32964)
(140, 38, 0.633955)
(140, 41, -5.51064)
(140, 44, -4.91901)
(140, 47, -2.13346)
(140, 68, -1.64878)
(140, 71, 1.50534)
(140, 74, 0.793093)
(140, 77, -1.91819)
(140, 128, -5.48577)
(140, 134, 0.000256571)
(140, 140, 33.7443)
(140, 143, -5.97092)
(140, 146, -5.83198)
(141, 18, -3.52848)
(141, 30, -2.17762)
(141, 33, 0.902939)
(141, 66, -1.68552)
(141, 69, 0.306148)
(141, 72, -0.105961)
(141, 75, -1.94402)
(141, 96, -5.93298)
(141, 111, -2.68402)
(141, 114, -1.93207)
(141, 126, -0.55571)
(141, 129, -5.03669)
(141, 132, 2.22176)
(141, 135, -2.22179)
(141, 138, -5.97092)
(141, 141, 35.3573)
(141, 144, -0.459648)
(141, 147, -4.55274)
(142, 19, -3.52848)
(142, 31, -2.17762)
(142, 34, 0.902939)
(142, 67, -1.68552)
(142, 70, 0.306148)
(142, 73, -0.105961)
(142, 76, -1.94402)
(142, 97, -5.93298)
(142, 112, -2.68402)
(142, 115, -1.93207)
(142, 127, -0.55571)
(142, 130, -5.03669)
(142, 133, 2.22176)
(142, 136, -2.22179)
(142, 139, -5.97092)
(142, 142, 35.3573)
(142, 145, -0.459648)
(142, 148, -4.55274)
(143, 20, -3.52848)
(143, 32, -2.17762)
(143, 35, 0.902939)
(143, 68, -1.68552)
(143, 71, 0.306148)
(143, 74, -0.105961)
(143, 77, -1.94402)
(143, 98, -5.93298)
(143, 113, -2.68402)
(143, 116, -1.93207)
(143, 128, -0.55571)
(143, 131, -5.03669)
(143, 134, 2.22176)
(143, 137, -2.22179)
(143, 140, -5.97092)
(143, 143, 35.3573)
(143, 146, -0.459648)
(143, 149, -4.55274)
(144, 0, -1.26629)
(144, 15, -4.33087)
(144, 39, 1.2218)
(144, 45, -1.63485)
(144, 48, -4.71274)
(144, 57, 0.633342)
(144, 63, -4.92028)
(144, 69, -2.83339)
(144, 90, -1.91874)
(144, 93, -0.318174)
(144, 126, 0.555799)
(144, 132, -7.54427)
(144, 135, 1.66693)
(144, 138, -5.83198)
(144, 141, -0.459648)
(144, 144, 35.3684)
(144, 147, -3.67499)
(145, 1, -1.26629)
(145, 16, -4.33087)
(145, 40, 1.2218)
(145, 46, -1.63485)
(145, 49, -4.71274)
(145, 58, 0.633342)
(145, 64, -4.92028)
(145, 70, -2.83339)
(145, 91, -1.91874)
(145, 94, -0.318174)
(145, 127, 0.555799)
(145, 133, -7.54427)
(145, 136, 1.66693)
(145, 139, -5.83198)
(145, 142, -0.459648)
(145, 145, 35.3684)
(145, 148, -3.67499)
(146, 2, -1.26629)
(146, 17, -4.33087)
(146, 41, 1.2218)
(146, 47, -1.63485)
(146, 50, -4.71274)
(146, 59, 0.633342)
(146, 65, -4.92028)
(146, 71, -2.83339)
(146, 92, -1.91874)
(146, 95, -0.318174)
(146, 128, 0.555799)
(146, 134, -7.54427)
(146, 137, 1.66693)
(146, 140, -5.83198)
(146, 143, -0.459648)
(146, 146, 35.3684)
(146, 149, -3.67499)
(147, 27, -3.53007)
(147, 30, -0.276579)
(147, 33, -0.20981)
(147, 69, -1.78681)
(147, 90, -1.94406)
(147, 93, 1.00619)
(147, 108, -5.93548)
(147, 114, -1.93309)
(147, 123, -2.6862)
(147, 129, 0.556336)
(147, 135, -5.03669)
(147, 141, -4.55274)
(147, 144, -3.67499)
(147, 147, 30.004)
(148, 28, -3.53007)
(148, 31, -0.276579)
(148, 34, -0.20981)
(148, 70, -1.78681)
(148, 91, -1.94406)
(148, 94, 1.00619)
(148, 109, -5.93548)
(148, 115, -1.93309)
(148, 124, -2.6862)
(148, 130, 0.556336)
(148, 136, -5.03669)
(148, 142, -4.55274)
(148, 145, -3.67499)
(148, 148, 30.004)
(149, 29, -3.53007)
(149, 32, -0.276579)
(149, 35, -0.20981)
(149, 71, -1.78681)
(149, 92, -1.94406)
(149, 95, 1.00619)
(149, 110, -5.93548)
(149, 116, -1.93309)
(149, 125, -2.6862)
(149, 131, 0.556336)
(149, 137, -5.03669)
(149, 143, -4.55274)
(149, 146, -3.67499)
(149, 149, 30.004)
